                                  8               
                                                  
                                  7  6            
                      10       9                  
                                                  
                                        5           
                                                  
                                     3  4         
                 11                               
                                                  
                   12                       13    
          1                          2                    
