                        64                                
                        63                                
                                                          
                                                          
                                                          
                    62 61                                 
               1  65                                      
                 66    57 58                               
               2      56  59               45                
                   67  55                  46              
             3                               44           
                         54  60            47              
                          53 52   49      48              
             4                51 50       43              
                                                          
           5                                42              
                                            41               
           6              23                                 
                          22 25  26       40              
                      20 21 24            34                 
              7 13 12                    33                    
                    19              27  32                     
                14                        35               
           8   15                                           
                16                                         
                                   39                        
                17  18         28  31 36                  
               9                     38                   
                10 11          29  30 37                  
